24	-83	55	-74	75	-23	72	-10	-42	67	93	-18	2	86	-66
26	-66	-65	-9	-85	60	-88	-30	56	-30	-17	-30	49	0	27
-65	-36	99	45	58	48	22	36	-17	-48	64	12	71	-83	34
69	-34	-39	77	39	-40	-55	48	41	-39	-84	62	4	46	75
-67	28	12	23	-33	9	-93	-77	94	-34	4	58	-8	-85	-72
40	-39	-79	-50	31	-4	2	-71	-92	41	-30	44	-9	32	6
15	73	-29	5	-68	79	95	0	86	0	-37	10	72	14	73
47	-80	47	-60	79	-64	-19	93	-51	94	-72	32	-58	32	-43
-48	-20	95	-39	-49	-53	82	13	-19	80	7	-89	-24	52	13
-20	-23	38	-89	74	-61	-96	-86	-28	74	-95	67	56	0	58
